Toolboxes/SignalProcessingExamples/data_io/S27D1.txt
* Sea-Bird SBE 9 Raw Data File:
* FileName = C:\V4.249\749\S27D1.DAT
* Software Version 4.249
* Temperature SN = 2923
* Conductivity SN = 2480
* Number of Bytes Per Scan = 33
* Number of Voltage Words = 5
* Number of Scans Averaged by the Deck Unit = 2
** Ship:      or1
** Cruise:    749
** Station:   s27d1
** Latitude:  21 50.55
** Longitude: 118 00.09
** 643m
# nquan = 7
# nvalues = 619                         
# units = metric
# name 0 = pr: pressure [db]
# name 1 = t090: temperature, pri, ITS-90 [deg C]
# name 2 = c0S/m: conductivity, primary [S/m]
# name 3 = sal00: salinity, PSS-78 [PSU], T0, C0
# name 4 = sigma-é00: density, sigma-theta [kg/m^3], T0, C0
# name 5 = flag:  0.000e+00
# name 6 = nbin: number of scans per bin
# span 0 = 3.000, 621.000               
# span 1 = 7.0069, 24.9900              
# span 2 = 3.506250, 5.246780           
# span 3 = 34.4236, 34.8806             
# span 4 = 23.0117, 26.9951             
# span 5 = 0.0000e+00, 0.0000e+00       
# span 6 = 4.0000, 35.0000              
# interval = decibars: 1                                
# start_time = Apr 09 2005 00:59:54
# bad_flag = -9.990e-29
*END*
[from data line 206]
    209.000    14.9141   4.248000    34.5964    25.6864 0.0000e+00    31.0000
    210.000    14.8827   4.244779    34.5944    25.6917 0.0000e+00    29.0000
    211.000    14.8465   4.241076    34.5924    25.6981 0.0000e+00    26.0000
    212.000    14.7988   4.236241    34.5905    25.7070 0.0000e+00    26.0000
    213.000    14.7731   4.233624    34.5887    25.7112 0.0000e+00    30.0000
    214.000    14.7476   4.231025    34.5868    25.7153 0.0000e+00    32.0000
    215.000    14.7332   4.229516    34.5850    25.7170 0.0000e+00    30.0000
    216.000    14.7158   4.227736    34.5836    25.7197 0.0000e+00    23.0000
    217.000    14.7012   4.226266    34.5826    25.7222 0.0000e+00    24.0000
    218.000    14.6894   4.225045    34.5811    25.7236 0.0000e+00    25.0000
    219.000    14.6684   4.222954    34.5803    25.7275 0.0000e+00    24.0000
    220.000    14.6394   4.220007    34.5790    25.7327 0.0000e+00    25.0000
    221.000    14.6154   4.217601    34.5779    25.7371 0.0000e+00    29.0000
    222.000    14.5742   4.213476    34.5766    25.7450 0.0000e+00    35.0000
    223.000    14.5480   4.210787    34.5748    25.7493 0.0000e+00    27.0000
    224.000    14.5367   4.209690    34.5742    25.7512 0.0000e+00    23.0000
    225.000    14.5291   4.208958    34.5735    25.7523 0.0000e+00    28.0000
    226.000    14.5262   4.208729    34.5731    25.7527 0.0000e+00    29.0000
    227.000    14.5114   4.207288    34.5727    25.7556 0.0000e+00    23.0000
    228.000    14.5031   4.206498    34.5723    25.7571 0.0000e+00    24.0000
    229.000    14.4932   4.205511    34.5716    25.7587 0.0000e+00    30.0000
    230.000    14.4762   4.203837    34.5710    25.7619 0.0000e+00    30.0000
    231.000    14.4306   4.199226    34.5697    25.7706 0.0000e+00    24.0000
    232.000    14.3337   4.189324    34.5662    25.7886 0.0000e+00    28.0000
    233.000    14.2892   4.184740    34.5632    25.7957 0.0000e+00    29.0000
    234.000    14.2789   4.183669    34.5612    25.7964 0.0000e+00    34.0000
    235.000    14.2475   4.180547    34.5599    25.8021 0.0000e+00    26.0000
    236.000    14.2103   4.176825    34.5587    25.8090 0.0000e+00    23.0000
    237.000    14.1504   4.170773    34.5563    25.8198 0.0000e+00    27.0000
    238.000    14.1271   4.168489    34.5550    25.8237 0.0000e+00    31.0000
    239.000    14.1105   4.166863    34.5541    25.8265 0.0000e+00    23.0000
    240.000    14.0676   4.162602    34.5529    25.8346 0.0000e+00    27.0000
    241.000    14.0492   4.160764    34.5515    25.8374 0.0000e+00    31.0000
    242.000    14.0277   4.158665    34.5506    25.8413 0.0000e+00    27.0000
    243.000    13.9928   4.155185    34.5495    25.8478 0.0000e+00    26.0000
    244.000    13.9486   4.150791    34.5483    25.8560 0.0000e+00    30.0000
    245.000    13.9346   4.149388    34.5469    25.8579 0.0000e+00    31.0000
    246.000    13.9115   4.147119    34.5460    25.8621 0.0000e+00    25.0000
    247.000    13.8677   4.142787    34.5450    25.8705 0.0000e+00    33.0000
    248.000    13.7792   4.133924    34.5426    25.8870 0.0000e+00    27.0000
    249.000    13.7656   4.132578    34.5413    25.8888 0.0000e+00    23.0000
    250.000    13.7215   4.128218    34.5401    25.8971 0.0000e+00    22.0000
    251.000    13.6471   4.120801    34.5377    25.9106 0.0000e+00    28.0000
    252.000    13.5797   4.114100    34.5359    25.9230 0.0000e+00    24.0000
    253.000    13.5472   4.110803    34.5335    25.9278 0.0000e+00    31.0000
    254.000    13.5146   4.107550    34.5313    25.9329 0.0000e+00    31.0000
    255.000    13.4945   4.105573    34.5300    25.9360 0.0000e+00    27.0000
    256.000    13.4607   4.102243    34.5288    25.9419 0.0000e+00    29.0000
    257.000    13.4446   4.100669    34.5276    25.9444 0.0000e+00    29.0000
    258.000    13.4334   4.099565    34.5266    25.9459 0.0000e+00    27.0000
    259.000    13.4023   4.096514    34.5257    25.9515 0.0000e+00    31.0000
    260.000    13.3842   4.094719    34.5244    25.9542 0.0000e+00    24.0000
    261.000    13.3425   4.090676    34.5243    25.9626 0.0000e+00    24.0000
    262.000    13.3042   4.086829    34.5224    25.9689 0.0000e+00    32.0000
    263.000    13.3075   4.087122    34.5208    25.9671 0.0000e+00    31.0000
    264.000    13.3020   4.086613    34.5203    25.9678 0.0000e+00    29.0000
    265.000    13.2701   4.083512    34.5198    25.9739 0.0000e+00    26.0000
    266.000    13.2550   4.081931    34.5181    25.9756 0.0000e+00    28.0000
    267.000    13.2299   4.079552    34.5180    25.9807 0.0000e+00    28.0000
    268.000    13.2258   4.079115    34.5168    25.9806 0.0000e+00    29.0000
    269.000    13.2283   4.079440    34.5167    25.9801 0.0000e+00    26.0000
    270.000    13.2065   4.077248    34.5156    25.9836 0.0000e+00    26.0000
    271.000    13.1849   4.075132    34.5149    25.9875 0.0000e+00    23.0000
    272.000    13.1608   4.072803    34.5145    25.9920 0.0000e+00    25.0000
    273.000    13.1150   4.068242    34.5133    26.0003 0.0000e+00    24.0000
    274.000    13.0531   4.062038    34.5110    26.0109 0.0000e+00    28.0000
    275.000    12.9692   4.053575    34.5074    26.0249 0.0000e+00    30.0000
    276.000    12.9233   4.049069    34.5059    26.0329 0.0000e+00    24.0000
    277.000    12.8956   4.046337    34.5042    26.0371 0.0000e+00    29.0000
    278.000    12.8698   4.043752    34.5022    26.0407 0.0000e+00    31.0000
    279.000    12.8602   4.042833    34.5012    26.0419 0.0000e+00    29.0000
    280.000    12.8366   4.040551    34.5004    26.0459 0.0000e+00    23.0000
    281.000    12.8112   4.038024    34.4991    26.0500 0.0000e+00    25.0000
    282.000    12.8016   4.037063    34.4976    26.0507 0.0000e+00    28.0000
    283.000    12.7889   4.035843    34.4970    26.0528 0.0000e+00    24.0000
    284.000    12.7763   4.034624    34.4963    26.0547 0.0000e+00    28.0000
    285.000    12.7616   4.033177    34.4953    26.0569 0.0000e+00    29.0000
    286.000    12.7531   4.032360    34.4948    26.0582 0.0000e+00    30.0000
    287.000    12.7361   4.030709    34.4941    26.0611 0.0000e+00    32.0000
    288.000    12.7238   4.029524    34.4935    26.0630 0.0000e+00    25.0000
    289.000    12.7130   4.028452    34.4927    26.0645 0.0000e+00    26.0000
    290.000    12.7055   4.027730    34.4920    26.0655 0.0000e+00    32.0000
    291.000    12.7002   4.027233    34.4916    26.0662 0.0000e+00    25.0000
    292.000    12.6945   4.026700    34.4911    26.0671 0.0000e+00    27.0000
    293.000    12.6879   4.026084    34.4908    26.0681 0.0000e+00    26.0000
    294.000    12.6835   4.025686    34.4905    26.0687 0.0000e+00    25.0000
    295.000    12.6821   4.025568    34.4901    26.0688 0.0000e+00    31.0000
    296.000    12.6812   4.025515    34.4899    26.0688 0.0000e+00    27.0000
    297.000    12.6805   4.025488    34.4898    26.0689 0.0000e+00    28.0000
    298.000    12.6787   4.025332    34.4895    26.0691 0.0000e+00    28.0000
    299.000    12.6758   4.025088    34.4894    26.0696 0.0000e+00    30.0000
    300.000    12.6704   4.024585    34.4891    26.0705 0.0000e+00    28.0000
    301.000    12.6597   4.023561    34.4889    26.0724 0.0000e+00    24.0000
    302.000    12.6509   4.022723    34.4886    26.0739 0.0000e+00    28.0000
    303.000    12.6366   4.021318    34.4879    26.0762 0.0000e+00    30.0000
    304.000    12.6073   4.018468    34.4874    26.0816 0.0000e+00    26.0000
    305.000    12.6066   4.018425    34.4869    26.0813 0.0000e+00    33.0000
    306.000    12.5988   4.017718    34.4868    26.0829 0.0000e+00    24.0000
    307.000    12.5792   4.015842    34.4866    26.0866 0.0000e+00    22.0000
    308.000    12.5401   4.011972    34.4853    26.0932 0.0000e+00    25.0000
    309.000    12.4597   4.004225    34.4855    26.1090 0.0000e+00    22.0000
    310.000    12.4179   3.999965    34.4827    26.1149 0.0000e+00    26.0000
    311.000    12.4113   3.999292    34.4810    26.1149 0.0000e+00    29.0000
    312.000    12.4092   3.999127    34.4803    26.1148 0.0000e+00    29.0000
    313.000    12.4037   3.998633    34.4797    26.1154 0.0000e+00    27.0000
    314.000    12.3964   3.997966    34.4793    26.1166 0.0000e+00    32.0000
    315.000    12.3954   3.997871    34.4786    26.1162 0.0000e+00    26.0000
    316.000    12.3932   3.997681    34.4782    26.1164 0.0000e+00    25.0000
    317.000    12.3937   3.997764    34.4779    26.1161 0.0000e+00    29.0000
    318.000    12.3943   3.997858    34.4777    26.1158 0.0000e+00    32.0000
    319.000    12.3896   3.997426    34.4774    26.1165 0.0000e+00    28.0000
    320.000    12.3633   3.994932    34.4776    26.1218 0.0000e+00    25.0000
    321.000    12.3414   3.992783    34.4769    26.1255 0.0000e+00    29.0000
    322.000    12.3400   3.992703    34.4766    26.1256 0.0000e+00    30.0000
    323.000    12.3388   3.992630    34.4764    26.1256 0.0000e+00    27.0000
    324.000    12.3159   3.990467    34.4765    26.1301 0.0000e+00    28.0000
    325.000    12.2801   3.987029    34.4763    26.1370 0.0000e+00    30.0000
    326.000    12.2069   3.979931    34.4758    26.1506 0.0000e+00    25.0000
    327.000    12.1876   3.978016    34.4743    26.1532 0.0000e+00    26.0000
    328.000    12.1651   3.975884    34.4737    26.1570 0.0000e+00    30.0000
    329.000    12.1554   3.974951    34.4727    26.1581 0.0000e+00    25.0000
    330.000    12.1463   3.974106    34.4722    26.1595 0.0000e+00    25.0000
    331.000    12.1212   3.971740    34.4720    26.1642 0.0000e+00    25.0000
    332.000    12.1032   3.970084    34.4721    26.1677 0.0000e+00    22.0000
    333.000    12.0775   3.967590    34.4714    26.1720 0.0000e+00    30.0000
    334.000    12.0373   3.963713    34.4707    26.1792 0.0000e+00    30.0000
    335.000    11.9880   3.958911    34.4696    26.1877 0.0000e+00    29.0000
    336.000    11.9535   3.955631    34.4691    26.1939 0.0000e+00    23.0000
    337.000    11.9039   3.950802    34.4680    26.2024 0.0000e+00    32.0000
    338.000    11.8213   3.942806    34.4668    26.2170 0.0000e+00    30.0000
    339.000    11.8068   3.941408    34.4653    26.2186 0.0000e+00    28.0000
    340.000    11.8021   3.941007    34.4645    26.2189 0.0000e+00    27.0000
    341.000    11.7961   3.940485    34.4639    26.2196 0.0000e+00    31.0000
    342.000    11.7748   3.938503    34.4638    26.2235 0.0000e+00    27.0000
    343.000    11.7400   3.935190    34.4635    26.2298 0.0000e+00    23.0000
    344.000    11.7315   3.934352    34.4624    26.2306 0.0000e+00    29.0000
    345.000    11.7288   3.934120    34.4617    26.2306 0.0000e+00    31.0000
    346.000    11.7138   3.932767    34.4620    26.2336 0.0000e+00    26.0000
    347.000    11.6944   3.930873    34.4611    26.2365 0.0000e+00    27.0000
    348.000    11.6765   3.929190    34.4608    26.2397 0.0000e+00    28.0000
    349.000    11.6575   3.927377    34.4602    26.2427 0.0000e+00    32.0000
    350.000    11.6493   3.926618    34.4597    26.2439 0.0000e+00    28.0000
    351.000    11.6431   3.926062    34.4594    26.2448 0.0000e+00    25.0000
    352.000    11.6344   3.925268    34.4592    26.2464 0.0000e+00    29.0000
    353.000    11.6273   3.924609    34.4588    26.2473 0.0000e+00    25.0000
    354.000    11.6198   3.923914    34.4585    26.2485 0.0000e+00    31.0000
    355.000    11.6107   3.923078    34.4582    26.2500 0.0000e+00    26.0000
    356.000    11.6050   3.922575    34.4581    26.2511 0.0000e+00    20.0000
    357.000    11.5953   3.921658    34.4577    26.2526 0.0000e+00    28.0000
    358.000    11.5712   3.919384    34.4576    26.2570 0.0000e+00    30.0000
    359.000    11.5266   3.915062    34.4569    26.2647 0.0000e+00    27.0000
    360.000    11.5218   3.914547    34.4555    26.2645 0.0000e+00    27.0000
    361.000    11.5181   3.914211    34.4549    26.2648 0.0000e+00    30.0000
    362.000    11.5053   3.913053    34.4550    26.2672 0.0000e+00    22.0000
    363.000    11.4613   3.908814    34.4544    26.2749 0.0000e+00    28.0000
    364.000    11.4191   3.904857    34.4547    26.2829 0.0000e+00    24.0000
    365.000    11.3964   3.902721    34.4543    26.2868 0.0000e+00    22.0000
    366.000    11.3709   3.900312    34.4539    26.2912 0.0000e+00    27.0000
    367.000    11.3581   3.899098    34.4530    26.2928 0.0000e+00    35.0000
    368.000    11.3455   3.897940    34.4526    26.2948 0.0000e+00    27.0000
    369.000    11.3249   3.896057    34.4529    26.2988 0.0000e+00    22.0000
    370.000    11.3134   3.894993    34.4525    26.3007 0.0000e+00    28.0000
    371.000    11.2966   3.893420    34.4521    26.3034 0.0000e+00    32.0000
    372.000    11.2757   3.891531    34.4526    26.3076 0.0000e+00    24.0000
    373.000    11.2312   3.887372    34.4532    26.3162 0.0000e+00    28.0000
    374.000    11.2087   3.885213    34.4522    26.3196 0.0000e+00    27.0000
    375.000    11.2041   3.884813    34.4517    26.3201 0.0000e+00    28.0000
    376.000    11.1592   3.880616    34.4522    26.3286 0.0000e+00    29.0000
    377.000    11.0979   3.874761    34.4518    26.3394 0.0000e+00    28.0000
    378.000    11.0899   3.873970    34.4503    26.3397 0.0000e+00    27.0000
    379.000    11.0434   3.869706    34.4515    26.3490 0.0000e+00    26.0000
    380.000    10.9535   3.861121    34.4513    26.3650 0.0000e+00    25.0000
    381.000    10.9285   3.858629    34.4487    26.3674 0.0000e+00    34.0000
    382.000    10.9220   3.858054    34.4476    26.3678 0.0000e+00    29.0000
    383.000    10.8990   3.855916    34.4472    26.3716 0.0000e+00    24.0000
    384.000    10.8847   3.854557    34.4464    26.3736 0.0000e+00    24.0000
    385.000    10.8799   3.854120    34.4456    26.3738 0.0000e+00    26.0000
    386.000    10.8639   3.852648    34.4454    26.3765 0.0000e+00    28.0000
    387.000    10.8403   3.850428    34.4450    26.3804 0.0000e+00    26.0000
    388.000    10.8253   3.848999    34.4443    26.3825 0.0000e+00    29.0000
    389.000    10.8202   3.848544    34.4437    26.3831 0.0000e+00    27.0000
    390.000    10.8070   3.847308    34.4433    26.3851 0.0000e+00    29.0000
    391.000    10.7917   3.845934    34.4435    26.3880 0.0000e+00    28.0000
    392.000    10.7632   3.843197    34.4428    26.3925 0.0000e+00    28.0000
    393.000    10.7521   3.842146    34.4421    26.3940 0.0000e+00    28.0000
    394.000    10.7285   3.839939    34.4420    26.3981 0.0000e+00    23.0000
    395.000    10.6689   3.834138    34.4405    26.4074 0.0000e+00    28.0000
    396.000    10.6333   3.830567    34.4377    26.4115 0.0000e+00    32.0000
    397.000    10.6163   3.829163    34.4389    26.4154 0.0000e+00    27.0000
    398.000    10.5903   3.826614    34.4374    26.4189 0.0000e+00    23.0000
    399.000    10.5751   3.824962    34.4344    26.4191 0.0000e+00    29.0000
    400.000    10.5606   3.823541    34.4331    26.4207 0.0000e+00    29.0000
    401.000    10.5523   3.822793    34.4326    26.4218 0.0000e+00    26.0000
    402.000    10.5425   3.821938    34.4326    26.4236 0.0000e+00    34.0000
    403.000    10.5191   3.819850    34.4334    26.4283 0.0000e+00    23.0000
    404.000    10.4702   3.815273    34.4339    26.4372 0.0000e+00    22.0000
    405.000    10.4544   3.813679    34.4319    26.4385 0.0000e+00    30.0000
    406.000    10.4477   3.813122    34.4317    26.4394 0.0000e+00    26.0000
    407.000    10.4323   3.811779    34.4322    26.4425 0.0000e+00    26.0000
    408.000    10.4145   3.810181    34.4325    26.4459 0.0000e+00    24.0000
    409.000    10.4060   3.809508    34.4332    26.4479 0.0000e+00    27.0000
    410.000    10.3690   3.806222    34.4349    26.4557 0.0000e+00    35.0000
    411.000    10.2679   3.796942    34.4382    26.4757 0.0000e+00    28.0000
    412.000    10.1468   3.785669    34.4403    26.4980 0.0000e+00    21.0000
