Toolboxes/SignalProcessingExamples/data_io/S27D1.txt
* Sea-Bird SBE 9 Raw Data File:
* FileName = C:\V4.249\749\S27D1.DAT
* Software Version 4.249
* Temperature SN = 2923
* Conductivity SN = 2480
* Number of Bytes Per Scan = 33
* Number of Voltage Words = 5
* Number of Scans Averaged by the Deck Unit = 2
** Ship:      or1
** Cruise:    749
** Station:   s27d1
** Latitude:  21 50.55
** Longitude: 118 00.09
** 643m
# nquan = 7
# nvalues = 619                         
# units = metric
# name 0 = pr: pressure [db]
# name 1 = t090: temperature, pri, ITS-90 [deg C]
# name 2 = c0S/m: conductivity, primary [S/m]
# name 3 = sal00: salinity, PSS-78 [PSU], T0, C0
# name 4 = sigma-é00: density, sigma-theta [kg/m^3], T0, C0
# name 5 = flag:  0.000e+00
# name 6 = nbin: number of scans per bin
# span 0 = 3.000, 621.000               
# span 1 = 7.0069, 24.9900              
# span 2 = 3.506250, 5.246780           
# span 3 = 34.4236, 34.8806             
# span 4 = 23.0117, 26.9951             
# span 5 = 0.0000e+00, 0.0000e+00       
# span 6 = 4.0000, 35.0000              
# interval = decibars: 1                                
# start_time = Apr 09 2005 00:59:54
# bad_flag = -9.990e-29
*END*
[from data line 411]
    414.000    10.1116   3.782103    34.4343    26.4995 0.0000e+00    24.0000
    415.000    10.0998   3.781096    34.4341    26.5013 0.0000e+00    22.0000
    416.000    10.0851   3.779733    34.4334    26.5033 0.0000e+00    26.0000
    417.000    10.0707   3.778434    34.4331    26.5055 0.0000e+00    29.0000
    418.000    10.0606   3.777508    34.4324    26.5067 0.0000e+00    29.0000
    419.000    10.0561   3.777108    34.4317    26.5070 0.0000e+00    31.0000
    420.000    10.0509   3.776682    34.4317    26.5078 0.0000e+00    21.0000
    421.000    10.0395   3.775673    34.4318    26.5099 0.0000e+00    25.0000
    422.000    10.0302   3.774834    34.4315    26.5113 0.0000e+00    28.0000
    423.000    10.0283   3.774724    34.4315    26.5116 0.0000e+00    25.0000
    424.000    10.0218   3.774233    34.4322    26.5133 0.0000e+00    23.0000
    425.000    10.0026   3.772518    34.4329    26.5171 0.0000e+00    30.0000
    426.000     9.9475   3.767443    34.4341    26.5273 0.0000e+00    27.0000
    427.000     9.9396   3.766643    34.4326    26.5275 0.0000e+00    25.0000
    428.000     9.9362   3.766349    34.4320    26.5276 0.0000e+00    29.0000
    429.000     9.9264   3.765454    34.4317    26.5290 0.0000e+00    23.0000
    430.000     9.9180   3.764697    34.4314    26.5303 0.0000e+00    26.0000
    431.000     9.9089   3.763854    34.4309    26.5315 0.0000e+00    30.0000
    432.000     9.8928   3.762424    34.4314    26.5345 0.0000e+00    26.0000
    433.000     9.8544   3.758834    34.4314    26.5410 0.0000e+00    27.0000
    434.000     9.8185   3.755490    34.4313    26.5470 0.0000e+00    31.0000
    435.000     9.7924   3.753082    34.4311    26.5512 0.0000e+00    23.0000
    436.000     9.7685   3.750912    34.4314    26.5554 0.0000e+00    25.0000
    437.000     9.7295   3.747336    34.4319    26.5623 0.0000e+00    28.0000
    438.000     9.6757   3.742245    34.4308    26.5705 0.0000e+00    34.0000
    439.000     9.6601   3.740876    34.4309    26.5731 0.0000e+00    23.0000
    440.000     9.6148   3.736738    34.4317    26.5812 0.0000e+00    25.0000
    441.000     9.5965   3.734979    34.4302    26.5831 0.0000e+00    31.0000
    442.000     9.5857   3.734029    34.4298    26.5845 0.0000e+00    25.0000
    443.000     9.5783   3.733427    34.4299    26.5859 0.0000e+00    26.0000
    444.000     9.5650   3.732240    34.4297    26.5880 0.0000e+00    32.0000
    445.000     9.5573   3.731590    34.4297    26.5893 0.0000e+00    23.0000
    446.000     9.5504   3.731034    34.4300    26.5906 0.0000e+00    25.0000
    447.000     9.5413   3.730259    34.4301    26.5922 0.0000e+00    31.0000
    448.000     9.5244   3.728851    34.4315    26.5961 0.0000e+00    23.0000
    449.000     9.5074   3.727328    34.4318    26.5991 0.0000e+00    19.0000
    450.000     9.4958   3.726301    34.4319    26.6011 0.0000e+00    23.0000
    451.000     9.4805   3.724935    34.4320    26.6038 0.0000e+00    24.0000
    452.000     9.4673   3.723787    34.4325    26.6063 0.0000e+00    21.0000
    453.000     9.4538   3.722613    34.4329    26.6089 0.0000e+00    18.0000
    454.000     9.4394   3.721354    34.4332    26.6115 0.0000e+00    21.0000
    455.000     9.4265   3.720186    34.4330    26.6135 0.0000e+00    27.0000
    456.000     9.4134   3.719070    34.4337    26.6161 0.0000e+00    18.0000
    457.000     9.3873   3.716923    34.4365    26.6226 0.0000e+00    17.0000
    458.000     9.3582   3.714236    34.4365    26.6273 0.0000e+00    23.0000
    459.000     9.3114   3.710088    34.4387    26.6367 0.0000e+00    26.0000
    460.000     9.2060   3.700478    34.4420    26.6563 0.0000e+00    16.0000
    461.000     9.1887   3.698733    34.4398    26.6574 0.0000e+00    13.0000
    462.000     9.1659   3.696698    34.4402    26.6613 0.0000e+00    11.0000
    463.000     9.1572   3.695813    34.4386    26.6615 0.0000e+00    12.0000
    464.000     9.1384   3.694308    34.4405    26.6661 0.0000e+00    14.0000
    465.000     9.0806   3.688856    34.4397    26.6747 0.0000e+00    16.0000
    466.000     9.0697   3.687745    34.4376    26.6747 0.0000e+00    20.0000
    467.000     9.0564   3.686511    34.4365    26.6761 0.0000e+00    19.0000
    468.000     9.0231   3.683492    34.4368    26.6816 0.0000e+00    22.0000
    469.000     8.9879   3.680107    34.4350    26.6858 0.0000e+00    26.0000
    470.000     8.9428   3.675913    34.4343    26.6924 0.0000e+00    26.0000
    471.000     8.9000   3.671921    34.4337    26.6987 0.0000e+00    19.0000
    472.000     8.8729   3.669311    34.4320    26.7017 0.0000e+00    21.0000
    473.000     8.8609   3.668130    34.4300    26.7020 0.0000e+00    24.0000
    474.000     8.8316   3.665505    34.4301    26.7067 0.0000e+00    18.0000
    475.000     8.8246   3.664850    34.4293    26.7072 0.0000e+00    16.0000
    476.000     8.8218   3.664608    34.4285    26.7070 0.0000e+00    27.0000
    477.000     8.8172   3.664175    34.4273    26.7068 0.0000e+00    31.0000
    478.000     8.7985   3.662600    34.4286    26.7107 0.0000e+00    19.0000
    479.000     8.7753   3.660385    34.4276    26.7136 0.0000e+00    26.0000
    480.000     8.7542   3.658469    34.4276    26.7169 0.0000e+00    26.0000
    481.000     8.7054   3.653920    34.4274    26.7244 0.0000e+00    24.0000
    482.000     8.6977   3.653091    34.4252    26.7239 0.0000e+00    22.0000
    483.000     8.6896   3.652383    34.4248    26.7248 0.0000e+00    29.0000
    484.000     8.6608   3.649793    34.4253    26.7297 0.0000e+00    25.0000
    485.000     8.6503   3.648732    34.4236    26.7301 0.0000e+00    21.0000
    486.000     8.6131   3.645634    34.4272    26.7386 0.0000e+00    19.0000
    487.000     8.5873   3.643246    34.4269    26.7424 0.0000e+00    21.0000
    488.000     8.5753   3.642147    34.4261    26.7436 0.0000e+00    25.0000
    489.000     8.5664   3.641358    34.4257    26.7446 0.0000e+00    20.0000
    490.000     8.5633   3.641076    34.4249    26.7445 0.0000e+00    20.0000
    491.000     8.5658   3.641351    34.4245    26.7439 0.0000e+00    21.0000
    492.000     8.5664   3.641445    34.4242    26.7436 0.0000e+00    19.0000
    493.000     8.5677   3.641604    34.4239    26.7431 0.0000e+00    20.0000
    494.000     8.5506   3.640119    34.4247    26.7464 0.0000e+00    22.0000
    495.000     8.5260   3.637800    34.4241    26.7497 0.0000e+00    22.0000
    496.000     8.5127   3.636585    34.4238    26.7516 0.0000e+00    18.0000
    497.000     8.5012   3.635632    34.4245    26.7540 0.0000e+00    17.0000
    498.000     8.4915   3.634839    34.4251    26.7559 0.0000e+00    17.0000
    499.000     8.4627   3.632603    34.4295    26.7637 0.0000e+00    18.0000
    500.000     8.4354   3.630289    34.4315    26.7695 0.0000e+00    19.0000
    501.000     8.4272   3.629594    34.4313    26.7707 0.0000e+00    18.0000
    502.000     8.4232   3.629273    34.4311    26.7711 0.0000e+00    16.0000
    503.000     8.4200   3.629030    34.4310    26.7715 0.0000e+00    14.0000
    504.000     8.4116   3.628342    34.4314    26.7731 0.0000e+00    16.0000
    505.000     8.4078   3.628053    34.4315    26.7737 0.0000e+00    19.0000
    506.000     8.4059   3.627963    34.4316    26.7742 0.0000e+00    19.0000
    507.000     8.4048   3.627907    34.4315    26.7743 0.0000e+00    16.0000
    508.000     8.4043   3.627918    34.4314    26.7743 0.0000e+00    16.0000
    509.000     8.4034   3.627885    34.4314    26.7745 0.0000e+00    17.0000
    510.000     8.3958   3.627301    34.4323    26.7763 0.0000e+00    17.0000
    511.000     8.3926   3.627072    34.4324    26.7770 0.0000e+00    17.0000
    512.000     8.3820   3.626248    34.4338    26.7796 0.0000e+00    17.0000
    513.000     8.3610   3.624472    34.4354    26.7841 0.0000e+00    15.0000
    514.000     8.3269   3.621467    34.4370    26.7905 0.0000e+00    15.0000
    515.000     8.3141   3.620244    34.4360    26.7917 0.0000e+00    19.0000
    516.000     8.3081   3.619718    34.4356    26.7923 0.0000e+00    18.0000
    517.000     8.2987   3.618904    34.4356    26.7937 0.0000e+00    18.0000
    518.000     8.2899   3.618183    34.4360    26.7954 0.0000e+00    16.0000
    519.000     8.2717   3.616560    34.4363    26.7984 0.0000e+00    16.0000
    520.000     8.2521   3.614850    34.4370    26.8019 0.0000e+00    15.0000
    521.000     8.2438   3.614071    34.4363    26.8027 0.0000e+00    15.0000
    522.000     8.2310   3.612984    34.4367    26.8050 0.0000e+00    17.0000
    523.000     8.2145   3.611476    34.4365    26.8073 0.0000e+00    16.0000
    524.000     8.2036   3.610484    34.4360    26.8085 0.0000e+00    20.0000
    525.000     8.2029   3.610425    34.4353    26.8081 0.0000e+00    19.0000
    526.000     8.2023   3.610416    34.4350    26.8080 0.0000e+00    15.0000
    527.000     8.2010   3.610346    34.4350    26.8082 0.0000e+00    14.0000
    528.000     8.1963   3.609995    34.4353    26.8091 0.0000e+00    17.0000
    529.000     8.1760   3.608211    34.4360    26.8127 0.0000e+00    15.0000
    530.000     8.1666   3.607328    34.4354    26.8137 0.0000e+00    16.0000
    531.000     8.1414   3.605106    34.4363    26.8182 0.0000e+00    19.0000
    532.000     8.1282   3.603858    34.4354    26.8195 0.0000e+00    19.0000
    533.000     8.1243   3.603508    34.4347    26.8196 0.0000e+00    15.0000
    534.000     8.1219   3.603345    34.4348    26.8199 0.0000e+00    14.0000
    535.000     8.1141   3.602695    34.4350    26.8213 0.0000e+00    16.0000
    536.000     8.1020   3.601682    34.4357    26.8237 0.0000e+00    18.0000
    537.000     8.0478   3.596952    34.4389    26.8343 0.0000e+00    17.0000
    538.000     8.0207   3.594317    34.4371    26.8369 0.0000e+00    16.0000
    539.000     8.0150   3.593775    34.4362    26.8370 0.0000e+00    15.0000
    540.000     8.0129   3.593613    34.4357    26.8369 0.0000e+00    18.0000
    541.000     8.0121   3.593565    34.4350    26.8365 0.0000e+00    19.0000
    542.000     8.0111   3.593520    34.4348    26.8365 0.0000e+00    16.0000
    543.000     8.0104   3.593501    34.4345    26.8365 0.0000e+00    15.0000
    544.000     8.0100   3.593520    34.4345    26.8365 0.0000e+00    16.0000
    545.000     8.0054   3.593159    34.4347    26.8373 0.0000e+00    17.0000
    546.000     7.9991   3.592618    34.4346    26.8382 0.0000e+00    19.0000
    547.000     7.9966   3.592431    34.4343    26.8384 0.0000e+00    16.0000
    548.000     7.9962   3.592416    34.4340    26.8382 0.0000e+00    17.0000
    549.000     7.9954   3.592388    34.4339    26.8382 0.0000e+00    16.0000
    550.000     7.9864   3.591646    34.4345    26.8401 0.0000e+00    17.0000
    551.000     7.9770   3.590829    34.4346    26.8416 0.0000e+00    17.0000
    552.000     7.9745   3.590599    34.4341    26.8416 0.0000e+00    16.0000
    553.000     7.9724   3.590443    34.4339    26.8418 0.0000e+00    17.0000
    554.000     7.9700   3.590236    34.4335    26.8418 0.0000e+00    17.0000
    555.000     7.9700   3.590265    34.4333    26.8417 0.0000e+00    17.0000
    556.000     7.9688   3.590187    34.4331    26.8417 0.0000e+00    18.0000
    557.000     7.9590   3.589390    34.4339    26.8437 0.0000e+00    16.0000
    558.000     7.9539   3.588940    34.4336    26.8443 0.0000e+00    16.0000
    559.000     7.9510   3.588718    34.4336    26.8447 0.0000e+00    17.0000
    560.000     7.9504   3.588681    34.4332    26.8446 0.0000e+00    16.0000
    561.000     7.9514   3.588814    34.4331    26.8443 0.0000e+00    18.0000
    562.000     7.9528   3.588985    34.4330    26.8441 0.0000e+00    18.0000
    563.000     7.9510   3.588894    34.4333    26.8446 0.0000e+00    16.0000
    564.000     7.9517   3.588971    34.4329    26.8442 0.0000e+00    15.0000
    565.000     7.9463   3.588592    34.4338    26.8457 0.0000e+00    16.0000
    566.000     7.9291   3.587055    34.4341    26.8485 0.0000e+00    19.0000
    567.000     7.9255   3.586710    34.4334    26.8485 0.0000e+00    18.0000
    568.000     7.9267   3.586855    34.4332    26.8481 0.0000e+00    16.0000
    569.000     7.9258   3.586826    34.4332    26.8483 0.0000e+00    16.0000
    570.000     7.9269   3.586948    34.4329    26.8479 0.0000e+00    14.0000
    571.000     7.9237   3.586742    34.4334    26.8488 0.0000e+00    15.0000
    572.000     7.9249   3.586834    34.4326    26.8480 0.0000e+00    21.0000
    573.000     7.9291   3.587268    34.4326    26.8474 0.0000e+00    20.0000
    574.000     7.9301   3.587434    34.4328    26.8474 0.0000e+00    15.0000
    575.000     7.9307   3.587510    34.4325    26.8472 0.0000e+00    14.0000
    576.000     7.9307   3.587569    34.4327    26.8473 0.0000e+00    16.0000
    577.000     7.9327   3.587787    34.4326    26.8470 0.0000e+00    16.0000
    578.000     7.9253   3.587179    34.4330    26.8484 0.0000e+00    18.0000
    579.000     7.9222   3.586945    34.4331    26.8489 0.0000e+00    18.0000
    580.000     7.9127   3.586110    34.4333    26.8505 0.0000e+00    16.0000
    581.000     7.9108   3.585956    34.4329    26.8505 0.0000e+00    16.0000
    582.000     7.9093   3.585848    34.4328    26.8506 0.0000e+00    19.0000
    583.000     7.9073   3.585695    34.4326    26.8508 0.0000e+00    15.0000
    584.000     7.9077   3.585775    34.4326    26.8507 0.0000e+00    16.0000
    585.000     7.9083   3.585881    34.4326    26.8507 0.0000e+00    17.0000
    586.000     7.9027   3.585418    34.4328    26.8517 0.0000e+00    17.0000
    587.000     7.8943   3.584703    34.4331    26.8531 0.0000e+00    17.0000
    588.000     7.8842   3.583862    34.4337    26.8550 0.0000e+00    18.0000
    589.000     7.8723   3.582760    34.4332    26.8565 0.0000e+00    15.0000
    590.000     7.8741   3.582924    34.4326    26.8558 0.0000e+00    17.0000
    591.000     7.8715   3.582779    34.4331    26.8565 0.0000e+00    17.0000
    592.000     7.8632   3.582093    34.4336    26.8581 0.0000e+00    17.0000
    593.000     7.8499   3.580913    34.4337    26.8602 0.0000e+00    17.0000
    594.000     7.8395   3.580018    34.4339    26.8619 0.0000e+00    16.0000
    595.000     7.8295   3.579113    34.4336    26.8631 0.0000e+00    17.0000
    596.000     7.8185   3.578206    34.4344    26.8654 0.0000e+00    17.0000
    597.000     7.8029   3.576786    34.4342    26.8675 0.0000e+00    17.0000
    598.000     7.8009   3.576602    34.4335    26.8673 0.0000e+00    16.0000
    599.000     7.8000   3.576576    34.4335    26.8674 0.0000e+00    17.0000
    600.000     7.7941   3.576106    34.4337    26.8685 0.0000e+00    17.0000
    601.000     7.7592   3.573304    34.4382    26.8771 0.0000e+00    17.0000
    602.000     7.6965   3.567505    34.4385    26.8864 0.0000e+00    16.0000
    603.000     7.6795   3.565903    34.4374    26.8880 0.0000e+00    17.0000
    604.000     7.6717   3.565207    34.4367    26.8886 0.0000e+00    17.0000
    605.000     7.6518   3.563508    34.4377    26.8923 0.0000e+00    17.0000
    606.000     7.6403   3.562435    34.4368    26.8932 0.0000e+00    17.0000
    607.000     7.6375   3.562194    34.4361    26.8931 0.0000e+00    17.0000
    608.000     7.6148   3.560355    34.4385    26.8983 0.0000e+00    16.0000
    609.000     7.4946   3.550008    34.4477    26.9226 0.0000e+00    16.0000
    610.000     7.4501   3.545463    34.4422    26.9247 0.0000e+00    17.0000
    611.000     7.4318   3.543823    34.4415    26.9268 0.0000e+00    18.0000
    612.000     7.4021   3.541275    34.4427    26.9319 0.0000e+00    18.0000
    613.000     7.3756   3.539011    34.4437    26.9364 0.0000e+00    16.0000
    614.000     7.3118   3.533588    34.4484    26.9492 0.0000e+00    16.0000
    615.000     7.2722   3.529803    34.4462    26.9530 0.0000e+00    16.0000
    616.000     7.2645   3.529045    34.4443    26.9526 0.0000e+00    18.0000
    617.000     7.2573   3.528439    34.4436    26.9530 0.0000e+00    17.0000
