Toolboxes/SignalProcessingExamples/data_io/S27D1.txt
* Sea-Bird SBE 9 Raw Data File:
* FileName = C:\V4.249\749\S27D1.DAT
* Software Version 4.249
* Temperature SN = 2923
* Conductivity SN = 2480
* Number of Bytes Per Scan = 33
* Number of Voltage Words = 5
* Number of Scans Averaged by the Deck Unit = 2
** Ship:      or1
** Cruise:    749
** Station:   s27d1
** Latitude:  21 50.55
** Longitude: 118 00.09
** 643m
# nquan = 7
# nvalues = 619                         
# units = metric
# name 0 = pr: pressure [db]
# name 1 = t090: temperature, pri, ITS-90 [deg C]
# name 2 = c0S/m: conductivity, primary [S/m]
# name 3 = sal00: salinity, PSS-78 [PSU], T0, C0
# name 4 = sigma-é00: density, sigma-theta [kg/m^3], T0, C0
# name 5 = flag:  0.000e+00
# name 6 = nbin: number of scans per bin
# span 0 = 3.000, 621.000               
# span 1 = 7.0069, 24.9900              
# span 2 = 3.506250, 5.246780           
# span 3 = 34.4236, 34.8806             
# span 4 = 23.0117, 26.9951             
# span 5 = 0.0000e+00, 0.0000e+00       
# span 6 = 4.0000, 35.0000              
# interval = decibars: 1                                
# start_time = Apr 09 2005 00:59:54
# bad_flag = -9.990e-29
*END*
      3.000    24.9900   5.246780    34.5597    23.0117 0.0000e+00     4.0000
      4.000    24.9886   5.246591    34.5590    23.0118 0.0000e+00    16.0000
      5.000    24.9540   5.242817    34.5581    23.0216 0.0000e+00    20.0000
      6.000    24.5609   5.199275    34.5431    23.1287 0.0000e+00    25.0000
      7.000    24.3089   5.171175    34.5294    23.1939 0.0000e+00    24.0000
      8.000    24.2214   5.162046    34.5269    23.2181 0.0000e+00    26.0000
      9.000    24.1875   5.158698    34.5256    23.2273 0.0000e+00    24.0000
     10.000    24.1292   5.152979    34.5266    23.2454 0.0000e+00    21.0000
     11.000    24.0564   5.145361    34.5250    23.2658 0.0000e+00    24.0000
     12.000    24.0247   5.142281    34.5247    23.2750 0.0000e+00    27.0000
     13.000    24.0037   5.140271    34.5244    23.2810 0.0000e+00    23.0000
     14.000    23.9957   5.139568    34.5240    23.2832 0.0000e+00    22.0000
     15.000    23.9874   5.138842    34.5238    23.2856 0.0000e+00    24.0000
     16.000    23.9788   5.138008    34.5232    23.2877 0.0000e+00    26.0000
     17.000    23.9712   5.137307    34.5230    23.2899 0.0000e+00    23.0000
     18.000    23.9579   5.136102    34.5238    23.2945 0.0000e+00    22.0000
     19.000    23.9464   5.135021    34.5240    23.2981 0.0000e+00    26.0000
     20.000    23.9358   5.133981    34.5238    23.3011 0.0000e+00    26.0000
     21.000    23.9215   5.132542    34.5237    23.3053 0.0000e+00    22.0000
     22.000    23.9094   5.131452    34.5244    23.3094 0.0000e+00    20.0000
     23.000    23.9050   5.131070    34.5244    23.3108 0.0000e+00    26.0000
     24.000    23.9031   5.130902    34.5241    23.3112 0.0000e+00    27.0000
     25.000    23.9023   5.130845    34.5237    23.3112 0.0000e+00    25.0000
     26.000    23.8990   5.130594    34.5239    23.3124 0.0000e+00    20.0000
     27.000    23.8926   5.129920    34.5235    23.3140 0.0000e+00    22.0000
     28.000    23.8876   5.129381    34.5230    23.3152 0.0000e+00    27.0000
     29.000    23.8812   5.128719    34.5226    23.3168 0.0000e+00    27.0000
     30.000    23.8739   5.128133    34.5235    23.3197 0.0000e+00    23.0000
     31.000    23.8689   5.127649    34.5234    23.3212 0.0000e+00    21.0000
     32.000    23.8641   5.127221    34.5236    23.3228 0.0000e+00    25.0000
     33.000    23.8601   5.126936    34.5241    23.3245 0.0000e+00    22.0000
     34.000    23.8576   5.126796    34.5246    23.3256 0.0000e+00    31.0000
     35.000    23.8548   5.126668    34.5255    23.3271 0.0000e+00    22.0000
     36.000    23.8491   5.126349    34.5272    23.3302 0.0000e+00    23.0000
     37.000    23.8377   5.125429    34.5289    23.3349 0.0000e+00    22.0000
     38.000    23.8305   5.124766    34.5292    23.3373 0.0000e+00    26.0000
     39.000    23.8293   5.124657    34.5289    23.3375 0.0000e+00    28.0000
     40.000    23.8287   5.124632    34.5287    23.3376 0.0000e+00    22.0000
     41.000    23.8286   5.124649    34.5286    23.3376 0.0000e+00    20.0000
     42.000    23.8287   5.124699    34.5285    23.3375 0.0000e+00    26.0000
     43.000    23.8285   5.124736    34.5285    23.3376 0.0000e+00    31.0000
     44.000    23.8263   5.124619    34.5290    23.3388 0.0000e+00    20.0000
     45.000    23.8257   5.124603    34.5290    23.3390 0.0000e+00    20.0000
     46.000    23.8241   5.124517    34.5293    23.3398 0.0000e+00    29.0000
     47.000    23.8130   5.123836    34.5326    23.3456 0.0000e+00    25.0000
     48.000    23.7954   5.122697    34.5377    23.3546 0.0000e+00    22.0000
     49.000    23.7897   5.122269    34.5384    23.3569 0.0000e+00    25.0000
     50.000    23.7798   5.121538    34.5404    23.3614 0.0000e+00    25.0000
     51.000    23.7505   5.119282    34.5462    23.3744 0.0000e+00    22.0000
     52.000    23.7180   5.116540    34.5507    23.3875 0.0000e+00    26.0000
     53.000    23.6947   5.114574    34.5537    23.3966 0.0000e+00    27.0000
     54.000    23.6780   5.113286    34.5565    23.4037 0.0000e+00    22.0000
     55.000    23.6525   5.111316    34.5613    23.4149 0.0000e+00    21.0000
     56.000    23.6355   5.110127    34.5651    23.4227 0.0000e+00    30.0000
     57.000    23.6270   5.109860    34.5692    23.4284 0.0000e+00    21.0000
     58.000    23.5929   5.106983    34.5740    23.4421 0.0000e+00    21.0000
     59.000    23.5617   5.104489    34.5792    23.4552 0.0000e+00    28.0000
     60.000    23.5480   5.103503    34.5818    23.4612 0.0000e+00    26.0000
     61.000    23.5157   5.101426    34.5911    23.4778 0.0000e+00    25.0000
     62.000    23.3526   5.090258    34.6366    23.5598 0.0000e+00    22.0000
     63.000    22.9019   5.051877    34.7042    23.7410 0.0000e+00    22.0000
     64.000    22.8008   5.041766    34.7045    23.7704 0.0000e+00    29.0000
     65.000    22.7272   5.034954    34.7079    23.7941 0.0000e+00    27.0000
     66.000    22.6902   5.031826    34.7110    23.8070 0.0000e+00    21.0000
     67.000    22.6119   5.025211    34.7214    23.8373 0.0000e+00    22.0000
     68.000    22.4171   5.008778    34.7503    23.9145 0.0000e+00    29.0000
     69.000    22.3175   5.000128    34.7612    23.9510 0.0000e+00    26.0000
     70.000    22.2231   4.991770    34.7706    23.9848 0.0000e+00    25.0000
     71.000    22.1311   4.983438    34.7784    24.0166 0.0000e+00    23.0000
     72.000    22.0825   4.980169    34.7905    24.0396 0.0000e+00    24.0000
     73.000    21.9510   4.966665    34.7904    24.0763 0.0000e+00    27.0000
     74.000    21.4599   4.908699    34.7361    24.1709 0.0000e+00    24.0000
     75.000    21.1605   4.873145    34.6970    24.2235 0.0000e+00    24.0000
     76.000    21.0776   4.863251    34.6816    24.2344 0.0000e+00    28.0000
     77.000    21.0267   4.857410    34.6728    24.2416 0.0000e+00    22.0000
     78.000    20.9453   4.847949    34.6617    24.2553 0.0000e+00    25.0000
     79.000    20.8224   4.833877    34.6472    24.2775 0.0000e+00    31.0000
     80.000    20.7052   4.820791    34.6368    24.3011 0.0000e+00    21.0000
     81.000    20.5982   4.809665    34.6338    24.3276 0.0000e+00    24.0000
     82.000    20.4564   4.795863    34.6378    24.3686 0.0000e+00    28.0000
     83.000    20.3716   4.787691    34.6395    24.3925 0.0000e+00    25.0000
     84.000    20.3156   4.782425    34.6409    24.4086 0.0000e+00    30.0000
     85.000    20.2664   4.778473    34.6475    24.4267 0.0000e+00    24.0000
     86.000    20.2533   4.777497    34.6487    24.4311 0.0000e+00    20.0000
     87.000    20.2547   4.778140    34.6511    24.4326 0.0000e+00    30.0000
     88.000    20.2589   4.779689    34.6586    24.4372 0.0000e+00    28.0000
     89.000    20.2571   4.780419    34.6650    24.4427 0.0000e+00    23.0000
     90.000    20.2601   4.781791    34.6727    24.4478 0.0000e+00    28.0000
     91.000    20.2628   4.782528    34.6756    24.4493 0.0000e+00    23.0000
     92.000    20.2683   4.783616    34.6792    24.4507 0.0000e+00    27.0000
     93.000    20.2756   4.785191    34.6854    24.4535 0.0000e+00    29.0000
     94.000    20.2851   4.786833    34.6903    24.4548 0.0000e+00    24.0000
     95.000    20.2854   4.786915    34.6903    24.4548 0.0000e+00    27.0000
     96.000    20.3020   4.789910    34.7003    24.4580 0.0000e+00    24.0000
     97.000    20.3316   4.796793    34.7311    24.4737 0.0000e+00    25.0000
     98.000    20.3410   4.799810    34.7477    24.4839 0.0000e+00    35.0000
     99.000    20.3453   4.802060    34.7621    24.4938 0.0000e+00    23.0000
    100.000    20.3395   4.804788    34.7891    24.5159 0.0000e+00    18.0000
    101.000    20.3369   4.807093    34.8097    24.5324 0.0000e+00    30.0000
    102.000    20.3177   4.808003    34.8331    24.5553 0.0000e+00    24.0000
    103.000    20.2914   4.809654    34.8683    24.5893 0.0000e+00    30.0000
    104.000    20.2553   4.807451    34.8804    24.6081 0.0000e+00    24.0000
    105.000    20.2387   4.805839    34.8806    24.6127 0.0000e+00    28.0000
    106.000    20.2258   4.804532    34.8802    24.6158 0.0000e+00    27.0000
    107.000    20.2198   4.803901    34.8794    24.6169 0.0000e+00    30.0000
    108.000    20.2047   4.802394    34.8793    24.6208 0.0000e+00    23.0000
    109.000    20.1859   4.800418    34.8785    24.6253 0.0000e+00    32.0000
    110.000    20.1583   4.797680    34.8789    24.6330 0.0000e+00    27.0000
    111.000    20.0891   4.790548    34.8786    24.6510 0.0000e+00    25.0000
    112.000    20.0531   4.786707    34.8767    24.6591 0.0000e+00    32.0000
    113.000    20.0486   4.786315    34.8763    24.6601 0.0000e+00    24.0000
    114.000    20.0426   4.785824    34.8765    24.6619 0.0000e+00    27.0000
    115.000    20.0351   4.785182    34.8768    24.6641 0.0000e+00    34.0000
    116.000    20.0009   4.781764    34.8772    24.6735 0.0000e+00    28.0000
    117.000    19.9427   4.775592    34.8754    24.6874 0.0000e+00    23.0000
    118.000    19.9166   4.772795    34.8737    24.6930 0.0000e+00    26.0000
    119.000    19.9012   4.771192    34.8726    24.6963 0.0000e+00    25.0000
    120.000    19.8982   4.770898    34.8716    24.6964 0.0000e+00    25.0000
    121.000    19.8963   4.770742    34.8714    24.6968 0.0000e+00    25.0000
    122.000    19.8898   4.770103    34.8710    24.6982 0.0000e+00    29.0000
    123.000    19.8703   4.768043    34.8701    24.7027 0.0000e+00    31.0000
    124.000    19.8068   4.761306    34.8681    24.7178 0.0000e+00    29.0000
    125.000    19.7517   4.755323    34.8649    24.7298 0.0000e+00    31.0000
    126.000    19.7202   4.751902    34.8625    24.7362 0.0000e+00    24.0000
    127.000    19.7087   4.750698    34.8614    24.7385 0.0000e+00    27.0000
    128.000    19.6719   4.746843    34.8601    24.7471 0.0000e+00    30.0000
    129.000    19.6061   4.739819    34.8573    24.7621 0.0000e+00    29.0000
    130.000    19.4159   4.719290    34.8491    24.8051 0.0000e+00    21.0000
    131.000    19.3900   4.716622    34.8474    24.8106 0.0000e+00    31.0000
    132.000    19.0460   4.679798    34.8342    24.8886 0.0000e+00    31.0000
    133.000    18.9401   4.667302    34.8176    24.9030 0.0000e+00    25.0000
    134.000    18.8946   4.662434    34.8131    24.9112 0.0000e+00    30.0000
    135.000    18.7844   4.650415    34.8042    24.9323 0.0000e+00    31.0000
    136.000    18.6852   4.639634    34.7971    24.9518 0.0000e+00    21.0000
    137.000    18.6583   4.636740    34.7936    24.9561 0.0000e+00    30.0000
    138.000    18.6563   4.636497    34.7906    24.9544 0.0000e+00    28.0000
    139.000    18.5550   4.625599    34.7851    24.9756 0.0000e+00    23.0000
    140.000    18.4727   4.616902    34.7812    24.9932 0.0000e+00    29.0000
    141.000    18.4275   4.612120    34.7778    25.0019 0.0000e+00    29.0000
    142.000    18.3820   4.607400    34.7756    25.0116 0.0000e+00    27.0000
    143.000    18.3119   4.600074    34.7728    25.0269 0.0000e+00    28.0000
    144.000    18.2159   4.589943    34.7684    25.0474 0.0000e+00    32.0000
    145.000    18.1508   4.582862    34.7628    25.0593 0.0000e+00    26.0000
    146.000    18.0895   4.576498    34.7603    25.0726 0.0000e+00    29.0000
    147.000    18.0393   4.571030    34.7556    25.0814 0.0000e+00    27.0000
    148.000    18.0057   4.567491    34.7530    25.0877 0.0000e+00    34.0000
    149.000    17.8969   4.555995    34.7480    25.1106 0.0000e+00    29.0000
    150.000    17.7133   4.536374    34.7389    25.1484 0.0000e+00    21.0000
    151.000    17.6653   4.531075    34.7332    25.1558 0.0000e+00    27.0000
    152.000    17.6104   4.525189    34.7277    25.1649 0.0000e+00    27.0000
    153.000    17.5647   4.520249    34.7235    25.1728 0.0000e+00    24.0000
    154.000    17.5297   4.516603    34.7211    25.1795 0.0000e+00    27.0000
    155.000    17.5049   4.514062    34.7191    25.1840 0.0000e+00    34.0000
    156.000    17.4844   4.511894    34.7168    25.1872 0.0000e+00    31.0000
    157.000    17.4507   4.508320    34.7144    25.1935 0.0000e+00    27.0000
    158.000    17.3854   4.501103    34.7085    25.2047 0.0000e+00    23.0000
    159.000    17.2864   4.489967    34.6979    25.2204 0.0000e+00    31.0000
    160.000    17.2343   4.484116    34.6908    25.2275 0.0000e+00    23.0000
    161.000    17.1604   4.475708    34.6813    25.2378 0.0000e+00    25.0000
    162.000    17.1360   4.473175    34.6794    25.2422 0.0000e+00    22.0000
    163.000    17.0842   4.467774    34.6769    25.2526 0.0000e+00    27.0000
    164.000    16.9926   4.458060    34.6713    25.2701 0.0000e+00    25.0000
    165.000    16.9693   4.455568    34.6681    25.2732 0.0000e+00    24.0000
    166.000    16.9393   4.452557    34.6671    25.2796 0.0000e+00    22.0000
    167.000    16.9021   4.448993    34.6678    25.2889 0.0000e+00    25.0000
    168.000    16.8860   4.447624    34.6686    25.2933 0.0000e+00    25.0000
    169.000    16.8116   4.440335    34.6696    25.3117 0.0000e+00    23.0000
    170.000    16.7422   4.432948    34.6651    25.3245 0.0000e+00    25.0000
    171.000    16.7259   4.431227    34.6629    25.3267 0.0000e+00    31.0000
    172.000    16.7023   4.428933    34.6623    25.3319 0.0000e+00    31.0000
    173.000    16.6780   4.426316    34.6597    25.3355 0.0000e+00    29.0000
    174.000    16.6194   4.419883    34.6543    25.3451 0.0000e+00    24.0000
    175.000    16.4390   4.401307    34.6499    25.3837 0.0000e+00    31.0000
    176.000    16.3757   4.394681    34.6451    25.3947 0.0000e+00    31.0000
    177.000    16.3332   4.390258    34.6420    25.4022 0.0000e+00    27.0000
    178.000    16.1923   4.375302    34.6337    25.4282 0.0000e+00    25.0000
    179.000    16.1503   4.370815    34.6292    25.4345 0.0000e+00    30.0000
    180.000    16.1334   4.369092    34.6266    25.4364 0.0000e+00    29.0000
    181.000    16.1188   4.367637    34.6252    25.4386 0.0000e+00    24.0000
    182.000    16.1034   4.366077    34.6238    25.4412 0.0000e+00    29.0000
    183.000    16.0048   4.356269    34.6237    25.4636 0.0000e+00    28.0000
    184.000    15.8703   4.343264    34.6265    25.4963 0.0000e+00    32.0000
    185.000    15.8351   4.340536    34.6314    25.5081 0.0000e+00    31.0000
    186.000    15.8244   4.339612    34.6310    25.5103 0.0000e+00    25.0000
    187.000    15.8040   4.337984    34.6335    25.5168 0.0000e+00    27.0000
    188.000    15.7877   4.336679    34.6351    25.5218 0.0000e+00    31.0000
    189.000    15.7342   4.331641    34.6369    25.5353 0.0000e+00    30.0000
    190.000    15.6862   4.326859    34.6359    25.5454 0.0000e+00    28.0000
    191.000    15.6279   4.321030    34.6349    25.5577 0.0000e+00    29.0000
    192.000    15.5438   4.312561    34.6332    25.5753 0.0000e+00    29.0000
    193.000    15.4399   4.301759    34.6280    25.5945 0.0000e+00    27.0000
    194.000    15.3765   4.295285    34.6248    25.6062 0.0000e+00    30.0000
    195.000    15.3255   4.289969    34.6209    25.6145 0.0000e+00    23.0000
    196.000    15.2986   4.287221    34.6189    25.6189 0.0000e+00    25.0000
    197.000    15.2890   4.286284    34.6173    25.6199 0.0000e+00    24.0000
    198.000    15.2703   4.284363    34.6156    25.6227 0.0000e+00    24.0000
    199.000    15.2654   4.283871    34.6145    25.6230 0.0000e+00    24.0000
    200.000    15.2390   4.281211    34.6135    25.6280 0.0000e+00    26.0000
    201.000    15.1483   4.271932    34.6101    25.6455 0.0000e+00    23.0000
    202.000    15.1275   4.269726    34.6079    25.6483 0.0000e+00    23.0000
    203.000    15.1137   4.268339    34.6066    25.6505 0.0000e+00    27.0000
    204.000    15.1042   4.267356    34.6051    25.6514 0.0000e+00    28.0000
    205.000    15.0738   4.264284    34.6039    25.6572 0.0000e+00    27.0000
    206.000    15.0447   4.261307    34.6023    25.6623 0.0000e+00    30.0000
    207.000    14.9956   4.256261    34.5999    25.6713 0.0000e+00    25.0000
