%COLORMAP
cmap = [255,0,0;
255,4,1;
255,7,2;
255,11,3;
255,14,4;
255,18,5;
255,21,6;
255,25,7;
255,28,8;
255,32,9;
255,35,9;
255,39,10;
255,42,11;
255,46,12;
255,49,13;
255,53,14;
255,56,15;
255,60,16;
255,63,17;
255,67,18;
255,70,19;
255,74,20;
255,77,21;
255,81,22;
255,84,23;
255,88,24;
255,91,25;
255,95,26;
255,98,26;
255,102,27;
255,105,28;
255,109,29;
255,112,30;
255,116,31;
255,120,32;
255,123,33;
255,127,34;
255,130,35;
255,134,36;
255,137,37;
255,141,38;
255,144,39;
255,148,40;
255,151,41;
255,155,42;
255,158,43;
255,162,43;
255,165,44;
255,169,45;
255,172,46;
255,176,47;
255,179,48;
255,183,49;
255,186,50;
255,190,51;
255,193,52;
255,197,53;
255,200,54;
255,204,55;
255,207,56;
255,211,57;
255,214,58;
255,218,59;
255,221,60;
255,224,61;
255,225,64;
255,225,67;
255,226,70;
255,226,73;
255,227,76;
255,227,79;
255,228,83;
255,228,86;
255,229,89;
255,229,92;
255,230,95;
255,230,98;
255,231,101;
255,231,104;
255,232,107;
255,232,110;
255,233,113;
255,233,116;
255,234,119;
255,234,122;
255,235,125;
255,235,129;
255,236,132;
255,236,135;
255,237,138;
255,237,141;
255,238,144;
255,238,147;
255,239,150;
255,239,153;
255,240,156;
255,240,159;
255,241,162;
255,241,165;
255,242,168;
255,242,171;
255,243,175;
255,243,178;
255,244,181;
255,244,184;
255,245,187;
255,245,190;
255,246,193;
255,246,196;
255,247,199;
255,247,202;
255,248,205;
255,248,208;
255,249,211;
255,249,214;
255,250,217;
255,250,221;
255,251,224;
255,251,227;
255,252,230;
255,252,233;
255,253,236;
255,253,239;
255,254,242;
255,254,245;
255,255,248;
255,255,251;
255,255,254;
254,255,255;
251,255,255;
248,255,255;
245,254,255;
242,254,255;
239,253,255;
236,253,255;
233,252,255;
230,252,255;
227,252,255;
224,251,255;
221,251,255;
218,250,255;
215,250,255;
211,249,255;
208,249,255;
205,248,255;
202,248,255;
199,247,255;
196,247,255;
193,247,255;
190,246,255;
187,246,255;
184,245,255;
181,245,255;
178,244,255;
175,244,255;
172,243,255;
169,243,255;
166,243,255;
163,242,255;
160,242,255;
157,241,255;
153,241,255;
150,240,255;
147,240,255;
144,239,255;
141,239,255;
138,239,255;
135,238,255;
132,238,255;
129,237,255;
126,237,255;
123,236,255;
120,236,255;
117,235,255;
114,235,255;
111,234,255;
108,234,255;
105,234,255;
102,233,255;
98,233,255;
95,232,255;
92,232,255;
89,231,255;
86,231,255;
83,230,255;
80,230,255;
77,230,255;
74,229,255;
71,229,255;
68,228,255;
65,228,255;
62,227,255;
60,225,255;
59,221,255;
58,217,255;
57,214,255;
56,210,255;
56,207,255;
55,203,255;
54,200,255;
53,196,255;
52,192,255;
51,189,255;
50,185,255;
49,182,255;
48,178,255;
47,175,255;
46,171,255;
45,167,255;
44,164,255;
43,160,255;
42,157,255;
41,153,255;
40,150,255;
39,146,255;
38,143,255;
37,139,255;
36,135,255;
35,132,255;
34,128,255;
34,125,255;
33,121,255;
32,118,255;
31,114,255;
30,110,255;
29,107,255;
28,103,255;
27,100,255;
26,96,255;
25,93,255;
24,89,255;
23,86,255;
22,82,255;
21,78,255;
20,75,255;
19,71,255;
18,68,255;
17,64,255;
16,61,255;
15,57,255;
14,53,255;
13,50,255;
12,46,255;
11,43,255;
11,39,255;
10,36,255;
9,32,255;
8,29,255;
7,25,255;
6,21,255;
5,18,255;
4,14,255;
3,11,255;
2,7,255;
1,4,255;
0,0,255]/255;